task,model_key,model_id,reported_model,model_match,state,attempts,official_success,official_message,official_details,validator_error_line,solver_success,solver_message,solver_duration,cost_usd,input_tokens,output_tokens,is_rate_limited,run_name,result_json,validation_source,solver_result_json,artifact_dir,trajectory_log,console_log,archive_sha256,validator_sha256,started_at,finished_at,exit_code,classification,api_http_status,transport_error
task_0220,deepseek_v4_pro,openai/deepseek-v4-pro,,,completed,1,False,Add a Node2D named CoinHighlights under Level,{},176,False,OpenCode execution timed out after 600s,600.1331434249878,0.10234199999999999,23599,2103,False,deepseek_v4_pro_opencode_high_video_20260926_211608_task_0220_232029,/mnt/d/ShaderAgent/re/gamedevbench-astra-failures-104/gamedevbench-main/gamedevbench-main/results/deepseek_v4_pro_opencode_high_video_20260926_211608_task_0220_232029/task_task_0220.json,official_results_json,/mnt/d/ShaderAgent/re/gamedevbench-astra-failures-104/gamedevbench-main/gamedevbench-main/tasks/test_result/deepseek_v4_pro_opencode_high_video_20260926_211608_task_0220_232029/task_0220_opencode_20260926_212631/result.json,/mnt/d/ShaderAgent/re/gamedevbench-astra-failures-104/gamedevbench-main/gamedevbench-main/tasks/test_result/deepseek_v4_pro_opencode_high_video_20260926_211608_task_0220_232029/task_0220_opencode_20260926_212631,/mnt/d/ShaderAgent/re/gamedevbench-astra-failures-104/gamedevbench-main/gamedevbench-main/tasks/test_result/deepseek_v4_pro_opencode_high_video_20260926_211608_task_0220_232029/task_0220_opencode_20260926_212631/agent_trajectory.log,/mnt/d/ShaderAgent/re/gamedevbench-astra-failures-104/gamedevbench-environment/batch_runs/deepseek_v4_pro_official_failures_104/workers/task_0220/console/task_0220_attempt_1.log,b9eaa6198bbc0fce053fe219ab511bc96e2e1c712c9de65acbd4c973387ce3a5,2d0d885d1f9c452f33b5f640308dd7a1986707e3fc66a2e1d69f5676b994b550,2026-09-26T13:16:07+00:00,2026-09-26T13:26:33+00:00,1,solver_incomplete,,
